mjdmean mag dmag band
55327.54296875 15.284967422485352 0.032581739127635956 1
55327.54296875 15.132977485656738 0.09471592307090759 2
55518.19140625 15.238332748413086 0.03185001760721207 1
55518.19140625 15.127764701843262 0.10460598766803741 2
56792.31640625 15.549345016479492 0.04308585450053215 1
56792.31640625 15.103140830993652 0.11324548721313477 2
56982.96484375 15.271255493164062 0.03505520522594452 1
56982.96484375 14.790979385375977 0.08778033405542374 2
57151.21875 15.193034172058105 0.03124873712658882 1
57151.21875 15.207512855529785 0.11718177795410156 2
57344.90234375 15.198426246643066 0.028045227751135826 1
57344.90234375 15.03119945526123 0.09558318555355072 2
57510.0625 15.212106704711914 0.02731597051024437 1
57510.0625 15.067465782165527 0.08963838964700699 2
57710.59375 15.20632266998291 0.03264085203409195 1
57710.52734375 15.273012161254883 0.15488937497138977 2
57873.34375 15.328054428100586 0.03069528006017208 1
57873.34375 14.826616287231445 0.07878696918487549 2
58076.05859375 15.259332656860352 0.02971586585044861 1
58076.05859375 15.08754825592041 0.1131862998008728 2
58232.46484375 15.244006156921387 0.026879416778683662 1
58232.46484375 15.262398719787598 0.1429758071899414 2
58440.3203125 15.245759010314941 0.03158841282129288 1
58440.3203125 14.86076545715332 0.09777726233005524 2
58598.10546875 15.225110054016113 0.0299560334533453 1
58598.10546875 14.883402824401855 0.08258844912052155 2
58806.01953125 15.203755378723145 0.025541067123413086 1
58806.01953125 15.259833335876465 0.13512051105499268 2
58962.3125 15.713910102844238 0.044241223484277725 1
58962.3125 14.967652320861816 0.09270871430635452 2
59171.53515625 15.274724960327148 0.03192524611949921 1
59171.53515625 15.483161926269531 0.16338656842708588 2
