mjdmean mag dmag band
55249.796875 16.058149337768555 0.055649805814027786 1
55249.796875 16.33418083190918 0.3020579218864441 2
55440.75390625 16.072118759155273 0.04686947166919708 1
55440.75390625 15.547772407531738 0.1173224225640297 2
56713.1796875 16.108888626098633 0.07542086392641068 1
56904.19140625 16.003841400146484 0.058753907680511475 1
56904.19140625 15.860869407653809 0.1973796933889389 2
57075.08203125 16.087661743164062 0.05783546715974808 1
57075.08203125 15.789820671081543 0.17672476172447205 2
57267.578125 15.947883605957031 0.06178828701376915 1
57267.578125 15.563424110412598 0.17714497447013855 2
57432.72265625 15.984665870666504 0.04582232981920242 1
57633.07421875 15.860280990600586 0.050287745893001556 1
57633.07421875 15.466943740844727 0.14421577751636505 2
57798.35546875 16.071964263916016 0.05994033068418503 1
57798.35546875 15.7852783203125 0.192076176404953 2
57997.3125 16.020151138305664 0.05782969295978546 1
57997.3125 15.888772964477539 0.21047590672969818 2
58155.42578125 15.941751480102539 0.05809857323765755 1
58155.42578125 15.501160621643066 0.1541900634765625 2
58362.9140625 16.173128128051758 0.05258426442742348 1
58362.9140625 15.807027816772461 0.17390938103199005 2
58523.44921875 16.068939208984375 0.0582636296749115 1
58523.44921875 15.672048568725586 0.17107011377811432 2
58728.4453125 15.998973846435547 0.05729963257908821 1
58728.4453125 15.60992431640625 0.17100617289543152 2
58885.39453125 16.216020584106445 0.07567032426595688 1
59092.67578125 16.00514793395996 0.06485599279403687 1
59092.67578125 15.945511817932129 0.27414560317993164 2
