mjdmean mag dmag band
55378.15234375 15.5754976272583 0.03319370001554489 1
55378.15234375 15.605978965759277 0.11670729517936707 2
55555.453125 15.514322280883789 0.03633255884051323 1
55555.453125 15.322442054748535 0.1098746806383133 2
56653.16015625 15.529745101928711 0.03715609759092331 1
56653.16015625 15.089203834533691 0.10428181290626526 2
56841.140625 15.427716255187988 0.04649225249886513 1
56841.140625 15.444310188293457 0.19398847222328186 2
57018.8125 15.448824882507324 0.028197333216667175 1
57206.33984375 15.536087989807129 0.04131148383021355 1
57206.33984375 15.217119216918945 0.12813405692577362 2
57377.9140625 15.554986000061035 0.038372211158275604 1
57377.9765625 15.583650588989258 0.15221473574638367 2
57568.4140625 15.629681587219238 0.04212452471256256 1
57568.4140625 15.41647720336914 0.1503816694021225 2
57738.4921875 15.479690551757812 0.03626299649477005 1
57738.4921875 15.23401927947998 0.11904000490903854 2
57934.0078125 15.457772254943848 0.03767911717295647 1
57934.0078125 15.489259719848633 0.1699499785900116 2
58099.1953125 15.506190299987793 0.034434862434864044 1
58099.1953125 15.269983291625977 0.11665457487106323 2
58298.203125 15.526267051696777 0.0352502167224884 1
58298.203125 15.331021308898926 0.13203856348991394 2
58463.64453125 15.59841537475586 0.03653446584939957 1
58463.64453125 15.41785717010498 0.12660659849643707 2
58663.29296875 15.643179893493652 0.04743561893701553 1
58663.29296875 15.044727325439453 0.13159002363681793 2
58825.54296875 15.667195320129395 0.040802352130413055 1
58825.54296875 15.428746223449707 0.1487942934036255 2
59029.640625 15.547282218933105 0.05035782232880592 1
59191.11328125 15.575850486755371 0.042738743126392365 1
59191.1796875 15.153857231140137 0.12800629436969757 2
