mjdmean mag dmag band
55212.25 14.949972152709961 0.026757048442959785 1
55212.25 14.767744064331055 0.08198556303977966 2
55390.87890625 14.939046859741211 0.02427275851368904 1
55387.5390625 15.015323638916016 0.08918799459934235 2
55575.1328125 14.920711517333984 0.024652214720845222 1
55575.1328125 14.908393859863281 0.08837193250656128 2
56672.703125 14.927924156188965 0.023759379982948303 1
56672.76953125 15.011433601379395 0.10702827572822571 2
56852.3203125 14.960838317871094 0.02581903152167797 1
56852.3203125 14.912931442260742 0.09679002314805984 2
57039.15234375 14.907194137573242 0.023944387212395668 1
57039.15234375 14.798789024353027 0.08509751409292221 2
57211.05859375 14.881888389587402 0.023421727120876312 1
57211.05859375 14.845968246459961 0.08634895086288452 2
57401.81640625 14.922075271606445 0.021906521171331406 1
57401.81640625 14.930895805358887 0.08615799993276596 2
57569.9453125 14.908424377441406 0.023359252139925957 1
57569.9453125 14.76699161529541 0.0826406329870224 2
57768.7578125 14.928230285644531 0.025673849508166313 1
57765.91015625 14.740440368652344 0.0866561233997345 2
57930.30078125 14.911700248718262 0.02322559989988804 1
57930.30078125 15.022595405578613 0.11057624965906143 2
58133.140625 14.986584663391113 0.024214021861553192 1
58133.140625 14.891721725463867 0.09422123432159424 2
58292.2734375 14.914953231811523 0.023044077679514885 1
58292.2734375 15.064631462097168 0.1416618824005127 2
58497.25 14.939419746398926 0.025472000241279602 1
58497.25 15.105669975280762 0.12603901326656342 2
58657.890625 14.944538116455078 0.02343124896287918 1
58657.890625 14.673567771911621 0.08146020770072937 2
58862.9296875 14.946474075317383 0.028351590037345886 1
58861.42578125 14.970836639404297 0.1293076127767563 2
59022.08203125 14.95211410522461 0.02416154183447361 1
59022.08203125 14.911253929138184 0.10894671827554703 2
