mjdmean mag dmag band
55371.02734375 15.180405616760254 0.027300503104925156 1
55371.02734375 15.377455711364746 0.11201068013906479 2
55550.703125 15.227944374084473 0.027643907815217972 1
55550.703125 15.279145240783691 0.10244740545749664 2
56648.296875 15.214396476745605 0.024752365425229073 1
56648.296875 15.196343421936035 0.09837991744279861 2
56835.8984375 15.202435493469238 0.02975238300859928 1
56835.8984375 15.226689338684082 0.11875522881746292 2
57012.6484375 15.124807357788086 0.024991096928715706 1
57012.7109375 15.129229545593262 0.09715835750102997 2
57197.76953125 15.255332946777344 0.03013216331601143 1
57197.76953125 15.353407859802246 0.13255932927131653 2
57373.203125 15.167667388916016 0.025332141667604446 1
57373.203125 15.342353820800781 0.11757722496986389 2
57563.65234375 15.171836853027344 0.027515627443790436 1
57563.65234375 15.30237102508545 0.12982188165187836 2
57732.41015625 15.214361190795898 0.02676616609096527 1
57732.41015625 15.270439147949219 0.11643562465906143 2
57928.953125 15.207752227783203 0.028619779273867607 1
57928.953125 15.170076370239258 0.11627840995788574 2
58094.4296875 15.111851692199707 0.024790547788143158 1
58094.4296875 15.535905838012695 0.1493740826845169 2
58293.0859375 15.204597473144531 0.030817251652479172 1
58293.0859375 15.389686584472656 0.1710248440504074 2
58455.1484375 15.164685249328613 0.025618303567171097 1
58455.1484375 15.188470840454102 0.10799886286258698 2
58658.8984375 15.195231437683105 0.025571759790182114 1
58658.8984375 15.068703651428223 0.11828594654798508 2
58820.77734375 15.172614097595215 0.02494853176176548 1
58820.77734375 15.332870483398438 0.12303175777196884 2
59024.52734375 15.151248931884766 0.031666528433561325 1
59024.52734375 15.564335823059082 0.24199792742729187 2
59186.41796875 15.216733932495117 0.028500836342573166 1
59186.41796875 15.49893856048584 0.1619182676076889 2
