mjdmean mag dmag band
55237.8828125 15.850793838500977 0.0454440638422966 1
55237.75 15.858559608459473 0.15355195105075836 2
55428.125 15.953991889953613 0.05475253611803055 1
55428.125 15.733298301696777 0.1417534351348877 2
56699.703125 15.847882270812988 0.04389926791191101 1
56699.703125 15.587291717529297 0.13201682269573212 2
56890.61328125 15.866588592529297 0.04988788813352585 1
56890.61328125 15.68696117401123 0.16881105303764343 2
57061.58203125 16.053241729736328 0.056770890951156616 1
57061.58203125 15.705812454223633 0.16024644672870636 2
57254.921875 16.17470932006836 0.06881081312894821 1
57420.984375 15.998555183410645 0.052157044410705566 1
57420.984375 15.645223617553711 0.1452559381723404 2
57621.1875 15.956205368041992 0.05279264971613884 1
57621.1875 16.39849090576172 0.340241014957428 2
57786.3671875 15.89070987701416 0.046402376145124435 1
57786.3671875 15.761439323425293 0.16259947419166565 2
57986.0546875 15.935290336608887 0.05042784661054611 1
57986.1875 15.33462142944336 0.13537941873073578 2
58143.70703125 16.009246826171875 0.05140475556254387 1
58143.640625 15.918710708618164 0.19853372871875763 2
58350.2890625 15.973584175109863 0.05805228650569916 1
58350.2890625 15.746831893920898 0.20522178709506989 2
58509.05078125 15.930924415588379 0.05522527918219566 1
58509.05078125 15.825010299682617 0.2237890213727951 2
58715.82421875 15.980734825134277 0.05352158471941948 1
58715.82421875 15.7487154006958 0.1863631159067154 2
58877.08203125 15.980250358581543 0.0480692982673645 1
58877.08203125 15.533783912658691 0.1361841857433319 2
59081.5625 15.857233047485352 0.054483842104673386 1
