mjdmean mag dmag band
55203.64453125 15.15164566040039 0.08825651556253433 1
55203.64453125 14.544791221618652 0.1807314157485962 2
55375.63671875 15.230195999145508 0.025224095210433006 1
55375.63671875 15.385687828063965 0.0985201820731163 2
55563.953125 15.281365394592285 0.030369359999895096 1
55563.953125 15.089178085327148 0.09199891984462738 2
56661.82421875 15.259766578674316 0.031094804406166077 1
56661.82421875 15.106221199035645 0.11710897088050842 2
56839.859375 15.313536643981934 0.030021535232663155 1
56839.859375 15.338725090026855 0.12644782662391663 2
57026.0078125 15.269757270812988 0.027251696214079857 1
57026.0078125 15.351055145263672 0.11859166622161865 2
57197.87890625 15.229181289672852 0.02024001255631447 1
57197.87890625 15.393411636352539 0.09404511749744415 2
57389.41796875 15.277709007263184 0.02160676009953022 1
57389.41796875 15.3180513381958 0.09253090620040894 2
57558.421875 15.249425888061523 0.028048347681760788 1
57558.421875 15.260294914245605 0.11614327132701874 2
57755.09765625 15.287704467773438 0.027774127200245857 1
57755.09765625 15.138548851013184 0.1018284410238266 2
57918.84765625 15.230019569396973 0.028312239795923233 1
57918.84765625 15.464821815490723 0.1371818333864212 2
58122.23828125 15.268840789794922 0.027263859286904335 1
58122.23828125 15.499848365783691 0.14448387920856476 2
58279.2578125 15.295337677001953 0.030682988464832306 1
58279.32421875 15.367911338806152 0.13366933166980743 2
58486.31640625 15.267290115356445 0.030002498999238014 1
58486.31640625 15.57766056060791 0.15874604880809784 2
58644.75 15.231794357299805 0.02305913344025612 1
58644.75 15.327451705932617 0.11126944422721863 2
58850.5625 15.198936462402344 0.030012644827365875 1
58850.5625 15.26369571685791 0.13174961507320404 2
59010.4453125 15.225708961486816 0.025092678144574165 1
59010.4453125 15.507073402404785 0.1595975160598755 2
