mjdmean mag dmag band
55217.5703125 15.542935371398926 0.03818429633975029 1
55217.5078125 14.991162300109863 0.0811982974410057 2
55406.95703125 15.405098915100098 0.02983023412525654 1
55406.95703125 15.015623092651367 0.07186780124902725 2
55582.0390625 15.489314079284668 0.03588208183646202 1
55582.0390625 15.214275360107422 0.0988558754324913 2
56679.84375 15.4841890335083 0.03589432314038277 1
56679.84375 15.023028373718262 0.09226713329553604 2
56869.33203125 15.35004711151123 0.029796363785862923 1
56869.33203125 14.94943904876709 0.08669449388980865 2
57044.99609375 15.333741188049316 0.03344830870628357 1
57044.99609375 15.02956485748291 0.10268855839967728 2
57235.20703125 15.617377281188965 0.041291214525699615 1
57235.20703125 15.003924369812012 0.09636995941400528 2
57403.74609375 15.603028297424316 0.04214150458574295 1
57403.74609375 15.197566986083984 0.11471014469861984 2
57596.71484375 15.44840145111084 0.026492375880479813 1
57765.1484375 15.615693092346191 0.04047435149550438 1
57962.35546875 15.586200714111328 0.038191843777894974 1
57962.2890625 14.940649032592773 0.0922342836856842 2
58125.90234375 15.607728004455566 0.04158921539783478 1
58125.90234375 14.956345558166504 0.09725644439458847 2
58329.70703125 15.604410171508789 0.039418626576662064 1
58329.70703125 15.0642671585083 0.10936661064624786 2
58486.546875 15.382024765014648 0.03296167403459549 1
58486.546875 15.19693374633789 0.11936207860708237 2
58692.078125 15.53931999206543 0.038725219666957855 1
58692.078125 14.994420051574707 0.1005597710609436 2
58852.23046875 15.540071487426758 0.035575784742832184 1
58852.23046875 14.986662864685059 0.09740731120109558 2
59057.82421875 15.43457317352295 0.0374162495136261 1
59057.82421875 14.79470157623291 0.0875890851020813 2
