mjdmean mag dmag band
55245.203125 15.313166618347168 0.034563589841127396 1
55245.203125 15.600020408630371 0.1576809138059616 2
55425.109375 15.3343505859375 0.027577733621001244 1
55425.109375 15.565678596496582 0.13800062239170074 2
56708.6015625 15.29610824584961 0.03574693202972412 1
56708.6015625 15.440211296081543 0.17968639731407166 2
56888.56640625 15.390815734863281 0.036687418818473816 1
56888.56640625 15.618168830871582 0.17968319356441498 2
57071.93359375 15.265583992004395 0.031671322882175446 1
57071.93359375 15.439526557922363 0.14847850799560547 2
57247.33984375 15.298871994018555 0.03458268940448761 1
57247.33984375 15.5729341506958 0.1645430326461792 2
57436.1015625 15.340933799743652 0.0364561527967453 1
57436.1015625 15.18064022064209 0.12723487615585327 2
57606.17578125 15.417462348937988 0.04058094695210457 1
57606.17578125 15.43617057800293 0.16259357333183289 2
57801.796875 15.417596817016602 0.037873342633247375 1
57801.796875 15.201909065246582 0.16817925870418549 2
57968.14453125 15.318390846252441 0.035146404057741165 1
57968.14453125 15.483760833740234 0.17710700631141663 2
58167.4375 15.356468200683594 0.03939349949359894 1
58167.4375 15.14051628112793 0.13849583268165588 2
58330.16015625 15.341891288757324 0.03258596360683441 1
58330.16015625 15.546557426452637 0.1617511510848999 2
58531.59765625 15.309926986694336 0.03384440764784813 1
58531.59765625 15.751595497131348 0.2231326401233673 2
58694.328125 15.29667854309082 0.030330972746014595 1
58694.328125 15.237915992736816 0.12372413277626038 2
58897.13671875 15.34079360961914 0.03753771260380745 1
58898.57421875 15.40194320678711 0.1534840166568756 2
59059.87890625 15.328786849975586 0.03355013206601143 1
59059.87890625 15.1731595993042 0.14620015025138855 2
