mjdmean mag dmag band
55379.30078125 15.997714042663574 0.057185444980859756 1
55379.30078125 15.701239585876465 0.16755764186382294 2
55557.1796875 16.002519607543945 0.06745047122240067 1
55557.1796875 15.563161849975586 0.1574433147907257 2
56654.8828125 15.960970878601074 0.05969969183206558 1
56654.8828125 15.510279655456543 0.16919803619384766 2
56842.84375 15.919231414794922 0.06359200179576874 1
56842.84375 15.560412406921387 0.18656854331493378 2
57020.3984375 15.939148902893066 0.053610071539878845 1
57020.3984375 15.720111846923828 0.23974961042404175 2
57207.44921875 15.922839164733887 0.05678961053490639 1
57204.59375 15.53558349609375 0.1687932014465332 2
57381.00390625 15.989364624023438 0.06334993988275528 1
57381.00390625 15.785698890686035 0.21372957527637482 2
57571.6796875 15.852120399475098 0.0588657446205616 1
57571.6796875 15.722803115844727 0.2337939441204071 2
57740.203125 15.998812675476074 0.06709156930446625 1
57740.203125 16.141279220581055 0.3039436936378479 2
57935.765625 16.090965270996094 0.07538274675607681 1
58100.83984375 15.954345703125 0.05707399174571037 1
58100.83984375 15.6566743850708 0.17765168845653534 2
58300.02734375 15.993795394897461 0.06763244420289993 1
58300.02734375 15.58244800567627 0.2106294333934784 2
58461.55859375 15.881834983825684 0.05778266862034798 1
58667.14453125 15.937233924865723 0.061268143355846405 1
58667.14453125 15.9176025390625 0.2872732877731323 2
58828.6875 15.905500411987305 0.06030023843050003 1
58828.6875 15.331467628479004 0.15246766805648804 2
59031.33203125 15.840043067932129 0.05699467286467552 1
59031.33203125 15.457331657409668 0.1857379525899887 2
59192.88671875 15.968653678894043 0.06469167023897171 1
59192.88671875 15.621112823486328 0.1952611356973648 2
