mjdmean mag dmag band
55204.34375 15.80457878112793 0.05464364215731621 1
55204.34375 15.52980899810791 0.15377631783485413 2
55389.953125 15.954767227172852 0.058081816881895065 1
55389.953125 15.535802841186523 0.14060266315937042 2
55569.21484375 15.852242469787598 0.049762122333049774 1
55569.21484375 15.464205741882324 0.12322857230901718 2
56664.9609375 15.809060096740723 0.043233249336481094 1
56664.9609375 15.448420524597168 0.15822501480579376 2
56853.80078125 15.927675247192383 0.06351608783006668 1
56853.80078125 15.514392852783203 0.18374620378017426 2
57030.44921875 15.708417892456055 0.059742238372564316 1
57030.44921875 15.37523078918457 0.17829732596874237 2
57216.80078125 15.896878242492676 0.05401981621980667 1
57216.80078125 15.75143814086914 0.19421255588531494 2
57389.78515625 15.8424711227417 0.052852846682071686 1
57389.78515625 15.394444465637207 0.13912290334701538 2
57580.98828125 15.791947364807129 0.05459718033671379 1
57748.9765625 15.943219184875488 0.057672835886478424 1
57748.9765625 15.731002807617188 0.19622686505317688 2
57945.1953125 15.856538772583008 0.05845249071717262 1
57945.1953125 15.371236801147461 0.1649399697780609 2
58109.73828125 15.910985946655273 0.05484802648425102 1
58109.73828125 15.460552215576172 0.14569218456745148 2
58312.265625 15.839461326599121 0.05448482930660248 1
58312.265625 15.603446006774902 0.20330801606178284 2
58473.203125 15.898734092712402 0.05974690243601799 1
58473.203125 15.40466022491455 0.16578906774520874 2
58676.37109375 15.832284927368164 0.05785556882619858 1
58676.37109375 15.3894681930542 0.18247997760772705 2
58837.38671875 15.932220458984375 0.05857474356889725 1
58837.3203125 15.565652847290039 0.1774100810289383 2
59042.05859375 15.915435791015625 0.0497087761759758 1
59042.05859375 15.201567649841309 0.13900457322597504 2
