mjdmean mag dmag band
55215.6875 15.274224281311035 0.02865293063223362 1
55215.6875 15.20423698425293 0.09429897367954254 2
55392.90234375 15.325389862060547 0.026487300172448158 1
55392.90234375 14.999751091003418 0.06650014966726303 2
55582.3359375 15.328592300415039 0.029813453555107117 1
55582.3359375 15.15990924835205 0.09203995019197464 2
56678.0 15.26565933227539 0.027520017698407173 1
56678.0 15.292168617248535 0.11408117413520813 2
56856.20703125 15.319549560546875 0.02820795215666294 1
56856.20703125 15.14477825164795 0.09620330482721329 2
57042.5 15.25340747833252 0.029275912791490555 1
57042.5 14.897238731384277 0.08566027879714966 2
57215.06640625 15.268393516540527 0.024209039285779 1
57215.06640625 15.095897674560547 0.08323559910058975 2
57405.48046875 15.208419799804688 0.030951157212257385 1
57405.48046875 15.116012573242188 0.12430822104215622 2
57577.19140625 15.26996898651123 0.024145586416125298 1
57577.19140625 15.070160865783691 0.08101201802492142 2
57771.140625 15.366416931152344 0.03087884746491909 1
57771.140625 15.231274604797363 0.1279636025428772 2
57935.8046875 15.311548233032227 0.021371303126215935 1
57935.8046875 14.90373706817627 0.06341058760881424 2
58136.93359375 15.199240684509277 0.025388523936271667 1
58136.93359375 15.130742073059082 0.10006500780582428 2
58297.77734375 15.211260795593262 0.024481860920786858 1
58297.77734375 15.129874229431152 0.09980622678995132 2
58501.0390625 15.270134925842285 0.02859117090702057 1
58501.0390625 15.11623764038086 0.10748427361249924 2
58661.953125 15.281049728393555 0.026657884940505028 1
58661.953125 15.115840911865234 0.10250711441040039 2
58866.65234375 15.306288719177246 0.02557789348065853 1
58866.65234375 15.194558143615723 0.10233466327190399 2
59027.578125 15.275263786315918 0.027081336826086044 1
59027.578125 15.183717727661133 0.11801210045814514 2
