mjdmean mag dmag band
55214.90234375 15.062464714050293 0.025863299146294594 1
55214.90234375 14.968003273010254 0.08816023916006088 2
55390.7734375 14.991228103637695 0.028287412598729134 1
55390.7734375 14.853591918945312 0.08676869422197342 2
55578.11328125 14.976194381713867 0.027729060500860214 1
55578.11328125 15.031418800354004 0.09976057708263397 2
56677.71484375 14.975727081298828 0.02870156057178974 1
56677.71484375 15.041487693786621 0.12085027992725372 2
56855.40625 14.94970417022705 0.02400360256433487 1
56855.40625 14.900755882263184 0.09528087079524994 2
57041.8515625 15.068574905395508 0.028457297012209892 1
57041.8515625 15.061583518981934 0.11139439046382904 2
57214.203125 15.019941329956055 0.02644980140030384 1
57214.203125 15.068543434143066 0.11765112727880478 2
57404.70703125 14.985726356506348 0.026497650891542435 1
57404.70703125 15.146259307861328 0.12233459204435349 2
57576.8203125 14.986448287963867 0.024402089416980743 1
57576.8203125 14.922386169433594 0.10021836310625076 2
57770.33203125 15.031462669372559 0.02879507653415203 1
57770.3984375 15.069289207458496 0.13110001385211945 2
57934.8125 15.02475357055664 0.024752018973231316 1
57934.8125 14.779644966125488 0.09220638126134872 2
58136.22265625 15.037453651428223 0.022744152694940567 1
58136.22265625 14.824323654174805 0.07619728147983551 2
58296.9140625 14.972756385803223 0.02473016269505024 1
58296.9140625 14.662837028503418 0.08357947319746017 2
58500.19921875 14.936478614807129 0.02513226680457592 1
58500.19921875 14.960790634155273 0.10679976642131805 2
58661.09375 15.03337287902832 0.024313664063811302 1
58661.09375 15.025392532348633 0.11694347858428955 2
58865.8125 14.995112419128418 0.020207881927490234 1
58865.8125 15.012781143188477 0.09877510368824005 2
59026.94921875 15.055403709411621 0.025709742680191994 1
59026.94921875 14.768354415893555 0.09682270884513855 2
