mjdmean mag dmag band
55252.94140625 14.588455200195312 0.016037605702877045 1
55253.0078125 14.683656692504883 0.06071856990456581 2
55434.50390625 14.577348709106445 0.016469860449433327 1
55434.50390625 14.74737548828125 0.06316924840211868 2
56717.55859375 14.585041046142578 0.017803320661187172 1
56717.55859375 14.767921447753906 0.08225815743207932 2
56898.8984375 14.56235408782959 0.01605754718184471 1
56898.8984375 14.784525871276855 0.07636130601167679 2
57079.41796875 14.570300102233887 0.015279754064977169 1
57079.41796875 14.689290046691895 0.0645214095711708 2
57256.8515625 14.559452056884766 0.012863860465586185 1
57256.8515625 14.704447746276855 0.06091414391994476 2
57445.734375 14.59865665435791 0.015774622559547424 1
57445.734375 14.728909492492676 0.07268325984477997 2
57617.1875 14.62648868560791 0.016876813024282455 1
57617.1875 14.68221378326416 0.07167862355709076 2
57810.765625 14.603616714477539 0.0179073978215456 1
57810.765625 14.62682056427002 0.07282639294862747 2
57977.63671875 14.588565826416016 0.015498727560043335 1
57977.63671875 14.692793846130371 0.06635788828134537 2
58175.02734375 14.572543144226074 0.01752779632806778 1
58175.02734375 14.563291549682617 0.07117965072393417 2
58338.08203125 14.582752227783203 0.016519632190465927 1
58338.08203125 14.661341667175293 0.07601043581962585 2
58540.55859375 14.588688850402832 0.014032176695764065 1
58540.55859375 14.686588287353516 0.06815200299024582 2
58703.68359375 14.547309875488281 0.01247696578502655 1
58703.68359375 14.638611793518066 0.05970760062336922 2
58906.2265625 14.599563598632812 0.016243256628513336 1
58906.2265625 14.696464538574219 0.07434973120689392 2
59069.296875 14.594634056091309 0.01590109057724476 1
59069.296875 14.71992015838623 0.07663365453481674 2
