mjdmean mag dmag band
55376.1953125 16.348424911499023 0.08583000302314758 1
55552.01953125 16.188270568847656 0.08256298303604126 1
55552.01953125 15.628743171691895 0.17764708399772644 2
56649.640625 16.302047729492188 0.08446723222732544 1
56837.3515625 16.323928833007812 0.08978474140167236 1
56837.3515625 15.634589195251465 0.19286119937896729 2
57016.3203125 16.401466369628906 0.09225468337535858 1
57374.5078125 16.305294036865234 0.06323715299367905 1
57564.8046875 16.24786949157715 0.0786098837852478 1
57735.08984375 15.553325653076172 0.16770830750465393 2
57930.3984375 16.202016830444336 0.08437100797891617 1
58095.73046875 16.198654174804688 0.08199252188205719 1
58095.73046875 16.010757446289062 0.2562903165817261 2
58294.53125 16.130718231201172 0.07450362294912338 1
58294.53125 15.316184043884277 0.15738853812217712 2
58456.38671875 16.387359619140625 0.08705240488052368 1
58456.38671875 15.481017112731934 0.1551298052072525 2
58660.21484375 16.4044189453125 0.09185878932476044 1
58822.078125 16.22539710998535 0.0750211700797081 1
58822.01171875 15.588397979736328 0.18681278824806213 2
59025.90625 16.19279670715332 0.08395979553461075 1
59025.90625 16.093996047973633 0.37962332367897034 2
59187.71875 16.733104705810547 0.09963908791542053 1
59187.71875 15.53105640411377 0.13479101657867432 2
