mjdmean mag dmag band
55245.32421875 15.927725791931152 0.03561650589108467 1
55245.32421875 15.566473960876465 0.08625294268131256 2
55425.1875 15.903307914733887 0.025441374629735947 1
55425.25390625 15.875301361083984 0.07648998498916626 2
56708.72265625 15.874561309814453 0.028233353048563004 1
56708.72265625 15.641401290893555 0.08586876094341278 2
56888.578125 15.89297866821289 0.03270009905099869 1
56888.578125 15.576299667358398 0.09526734799146652 2
57072.0546875 15.887948036193848 0.034351129084825516 1
57072.0546875 15.965629577636719 0.14501097798347473 2
57250.7265625 15.970524787902832 0.03411085903644562 1
57250.7265625 15.699617385864258 0.1045069545507431 2
57436.22265625 16.012470245361328 0.03889700770378113 1
57436.22265625 15.503887176513672 0.09521874040365219 2
57607.890625 15.961371421813965 0.03176102787256241 1
57607.890625 15.824239730834961 0.11436986178159714 2
57801.91796875 15.890730857849121 0.025388244539499283 1
57801.91796875 15.814390182495117 0.0934440940618515 2
57968.28515625 15.851418495178223 0.031889501959085464 1
57968.28515625 15.791410446166992 0.12766261398792267 2
58167.55859375 15.924680709838867 0.03176494315266609 1
58167.55859375 15.438261032104492 0.0819602832198143 2
58330.23828125 15.84414005279541 0.03053974360227585 1
58534.56640625 15.815136909484863 0.03131680190563202 1
58534.56640625 15.661349296569824 0.11645883321762085 2
58697.70703125 15.911706924438477 0.03442758694291115 1
58897.32421875 15.898778915405273 0.03421935439109802 1
58897.32421875 15.495469093322754 0.09688986837863922 2
59060.0859375 15.942623138427734 0.030769310891628265 1
59060.0859375 15.463367462158203 0.08653122931718826 2
