mjdmean mag dmag band
55332.765625 15.12969970703125 0.02680939994752407 1
55332.765625 14.909001350402832 0.07603035867214203 2
55523.84765625 15.109933853149414 0.027230700477957726 1
55520.375 14.939431190490723 0.08757194131612778 2
56794.48828125 15.18265438079834 0.027677182108163834 1
56794.48828125 14.927874565124512 0.0819985494017601 2
56985.06640625 15.093122482299805 0.029699094593524933 1
56985.06640625 14.972427368164062 0.10776419192552567 2
57153.3828125 15.044466972351074 0.023433560505509377 1
57153.3828125 14.822179794311523 0.07884030789136887 2
57347.0 15.094779014587402 0.029795348644256592 1
57347.0 14.881327629089355 0.09685353189706802 2
57512.29296875 15.22913932800293 0.029602350667119026 1
57512.29296875 14.975683212280273 0.09181591868400574 2
57712.52734375 15.100082397460938 0.02268500253558159 1
57712.52734375 15.058367729187012 0.11079613864421844 2
57874.48828125 15.141657829284668 0.028593460097908974 1
57872.6875 14.769394874572754 0.07824236899614334 2
58078.22265625 15.150209426879883 0.028485052287578583 1
58078.22265625 14.794734954833984 0.08574680984020233 2
58234.6875 15.1299409866333 0.027400434017181396 1
58234.6875 14.883085250854492 0.09632889181375504 2
58442.48046875 15.123931884765625 0.02997281402349472 1
58442.48046875 15.111593246459961 0.12747088074684143 2
58600.328125 15.140154838562012 0.027242222800850868 1
58600.328125 15.069424629211426 0.10342761874198914 2
58808.11328125 15.08406925201416 0.02738233283162117 1
58808.11328125 14.802290916442871 0.0907745361328125 2
58964.53515625 15.138726234436035 0.027320843189954758 1
58964.53515625 14.92352294921875 0.09070195257663727 2
59173.69140625 15.158595085144043 0.027768759056925774 1
59173.69140625 14.756583213806152 0.08273963630199432 2
