mjdmean mag dmag band
55257.734375 15.19717025756836 0.022164272144436836 1
55257.734375 14.848430633544922 0.05332647264003754 2
55436.42578125 15.163467407226562 0.021327262744307518 1
55436.42578125 14.915471076965332 0.05512123182415962 2
56719.3984375 15.125448226928711 0.02360694669187069 1
56719.3984375 14.89115047454834 0.07043761759996414 2
56899.88671875 15.130434036254883 0.020595761016011238 1
56899.88671875 14.73753833770752 0.05441344901919365 2
57081.3828125 15.15992546081543 0.023073814809322357 1
57081.3828125 14.848982810974121 0.06278523057699203 2
57258.7578125 15.077849388122559 0.016983894631266594 1
57258.7578125 14.891763687133789 0.054398562759160995 2
57447.0390625 15.115009307861328 0.02149401791393757 1
57447.0390625 14.848624229431152 0.06627213209867477 2
57619.08984375 15.08410358428955 0.021463219076395035 1
57619.08984375 14.906253814697266 0.0701952576637268 2
57812.59765625 15.125543594360352 0.023434579372406006 1
57812.53125 14.888354301452637 0.07182896882295609 2
57979.54296875 15.114555358886719 0.0208894032984972 1
57979.54296875 14.845123291015625 0.06640276312828064 2
58180.5859375 15.093612670898438 0.021913379430770874 1
58180.62109375 14.920625686645508 0.07472579926252365 2
58344.04296875 15.133435249328613 0.02213810198009014 1
58344.04296875 14.849211692810059 0.06936511397361755 2
58542.38671875 15.134105682373047 0.021779730916023254 1
58542.38671875 14.822433471679688 0.06512622535228729 2
58705.5859375 15.166725158691406 0.017693640664219856 1
58705.5859375 14.802190780639648 0.05283249169588089 2
58908.18359375 15.131231307983398 0.023507125675678253 1
58908.18359375 14.878524780273438 0.07413000613451004 2
59071.265625 15.153852462768555 0.023057512938976288 1
59071.265625 15.105172157287598 0.09039445966482162 2
