mjdmean mag dmag band
55257.63671875 15.683528900146484 0.03552890568971634 1
55257.63671875 15.60920524597168 0.11543908715248108 2
55436.02734375 15.733269691467285 0.04161253571510315 1
55436.02734375 15.613324165344238 0.1379602998495102 2
56719.00390625 15.657474517822266 0.0426291823387146 1
56719.00390625 15.748557090759277 0.17863807082176208 2
56899.62109375 15.680195808410645 0.03728906437754631 1
56899.62109375 15.713046073913574 0.15163615345954895 2
57080.92578125 15.627973556518555 0.039441898465156555 1
57080.92578125 15.48001766204834 0.14080378413200378 2
57258.36328125 15.68983268737793 0.032142363488674164 1
57258.36328125 15.546924591064453 0.11808964610099792 2
57446.6484375 15.640593528747559 0.03838978707790375 1
57446.6484375 15.917707443237305 0.19984567165374756 2
57618.6953125 15.63974666595459 0.041012391448020935 1
57812.26953125 15.580031394958496 0.04064637050032616 1
57812.26953125 15.30294132232666 0.1245216429233551 2
57979.1484375 15.61899185180664 0.03733418136835098 1
57979.2109375 15.47355842590332 0.13028885424137115 2
58180.5234375 15.589198112487793 0.034344106912612915 1
58180.5234375 15.475728988647461 0.12724743783473969 2
58339.5234375 15.592827796936035 0.03744552284479141 1
58339.5234375 15.531899452209473 0.15314717590808868 2
58542.0625 15.6641845703125 0.031079988926649094 1
58705.19140625 15.658695220947266 0.030677661299705505 1
58705.19140625 15.387085914611816 0.10731825232505798 2
58907.7265625 15.72221851348877 0.042068883776664734 1
58907.7265625 15.470237731933594 0.14386779069900513 2
59070.87109375 15.648229598999023 0.03886372596025467 1
59070.87109375 15.41943359375 0.13344833254814148 2
