mjdmean mag dmag band
55371.02734375 16.119550704956055 0.05929462984204292 1
55371.02734375 15.30676555633545 0.09899473935365677 2
55550.703125 16.042926788330078 0.059054628014564514 1
55550.703125 15.310259819030762 0.10704879462718964 2
56648.296875 16.004976272583008 0.050304628908634186 1
56648.296875 15.460740089416504 0.12665894627571106 2
56835.8984375 16.063213348388672 0.06481828540563583 1
56835.8984375 15.459476470947266 0.14926943182945251 2
57012.6484375 16.080732345581055 0.0627252459526062 1
57012.7109375 15.289698600769043 0.12185695767402649 2
57197.76953125 16.26015853881836 0.07050539553165436 1
57197.76953125 15.201457977294922 0.11056651920080185 2
57373.203125 16.036022186279297 0.051419876515865326 1
57373.203125 15.294797897338867 0.1049816906452179 2
57563.65234375 15.970000267028809 0.05540204420685768 1
57563.65234375 15.336012840270996 0.12880313396453857 2
57732.41015625 16.035444259643555 0.06181114912033081 1
57732.41015625 15.338101387023926 0.13691779971122742 2
57928.953125 15.918135643005371 0.053741611540317535 1
58094.4296875 16.15275764465332 0.06182419881224632 1
58094.4296875 15.295709609985352 0.11688467860221863 2
58293.0859375 15.906865119934082 0.05835314095020294 1
58293.0859375 15.346677780151367 0.1601138412952423 2
58455.1484375 16.09876823425293 0.06729326397180557 1
58455.1484375 15.545106887817383 0.16905643045902252 2
58658.8984375 16.557720184326172 0.08356640487909317 1
58658.8984375 15.608115196228027 0.18592077493667603 2
58820.77734375 15.979850769042969 0.05244402214884758 1
59024.52734375 15.89968204498291 0.06570154428482056 1
59024.52734375 15.58555793762207 0.26706114411354065 2
59186.41796875 15.971227645874023 0.052172884345054626 1
59186.41796875 15.325773239135742 0.11869873106479645 2
