mjdmean mag dmag band
55219.296875 15.662413597106934 0.039298880845308304 1
55219.296875 15.718213081359863 0.16704972088336945 2
55408.44140625 15.716901779174805 0.044585224241018295 1
55408.44140625 15.441420555114746 0.1270790696144104 2
55584.29296875 15.728036880493164 0.053312595933675766 1
55584.29296875 15.607939720153809 0.17448632419109344 2
56682.08984375 15.746667861938477 0.04795348644256592 1
56682.08984375 16.138294219970703 0.2954982817173004 2
56871.62890625 15.755417823791504 0.05113277584314346 1
57046.1171875 15.717989921569824 0.05055231228470802 1
57043.71875 15.432467460632324 0.16002173721790314 2
57236.515625 15.832621574401855 0.0564059279859066 1
57405.71484375 15.7584810256958 0.04924566671252251 1
57405.65234375 15.505353927612305 0.22457106411457062 2
57600.57421875 15.767601013183594 0.04842852056026459 1
57767.37890625 15.728196144104004 0.04623015597462654 1
57767.37890625 15.320366859436035 0.13300247490406036 2
57964.640625 15.775609016418457 0.05806389078497887 1
57964.640625 15.896618843078613 0.2639361321926117 2
58128.06640625 15.831605911254883 0.054309770464897156 1
58128.06640625 15.40865421295166 0.15701362490653992 2
58328.88671875 15.833854675292969 0.058918729424476624 1
58328.88671875 15.643791198730469 0.20792759954929352 2
58488.7734375 15.743882179260254 0.04478907212615013 1
58488.7734375 15.738679885864258 0.19101378321647644 2
58695.99609375 15.796034812927246 0.05938462167978287 1
58854.45703125 15.749510765075684 0.04616960883140564 1
58854.45703125 15.337687492370605 0.19156378507614136 2
59060.109375 15.843053817749023 0.06498360633850098 1
