mjdmean mag dmag band
55333.4609375 14.65432071685791 0.01714848354458809 1
55333.4609375 14.824272155761719 0.07103917002677917 2
55524.54296875 14.69597339630127 0.018336474895477295 1
55524.54296875 14.691751480102539 0.06647206842899323 2
56795.80078125 14.692656517028809 0.0199352465569973 1
56795.80078125 14.431624412536621 0.06052740290760994 2
56986.25 14.679488182067871 0.01896022818982601 1
56986.25 14.677755355834961 0.07795624434947968 2
57154.6953125 14.660798072814941 0.016839273273944855 1
57154.6953125 14.779146194458008 0.07394728064537048 2
57348.3125 14.682929039001465 0.01591886579990387 1
57348.3125 14.695158958435059 0.05897780880331993 2
57517.43359375 14.676411628723145 0.018611934036016464 1
57517.43359375 14.640019416809082 0.06743962317705154 2
57713.8359375 14.682039260864258 0.016233423724770546 1
57713.8359375 14.589295387268066 0.07122638821601868 2
57875.50390625 14.684060096740723 0.018910717219114304 1
57873.99609375 14.713330268859863 0.07930053025484085 2
58079.46484375 14.679898262023926 0.020003827288746834 1
58079.46484375 14.571619987487793 0.0762561559677124 2
58237.4375 14.66372013092041 0.019490018486976624 1
58237.4375 14.615667343139648 0.07750662416219711 2
58443.72265625 14.706768035888672 0.020149141550064087 1
58443.72265625 14.508366584777832 0.07158532738685608 2
58601.63671875 14.661821365356445 0.018889790400862694 1
58601.63671875 14.705470085144043 0.08288052678108215 2
58810.73046875 14.688708305358887 0.019584668800234795 1
58810.73046875 14.684976577758789 0.07868556678295135 2
58965.84375 14.711209297180176 0.017605051398277283 1
58965.84375 14.587651252746582 0.0641273781657219 2
59174.93359375 14.663206100463867 0.018188953399658203 1
59174.93359375 14.710958480834961 0.07892677932977676 2
