mjdmean mag dmag band
55230.87109375 15.622456550598145 0.03980204463005066 1
55230.87109375 15.797626495361328 0.15600809454917908 2
55420.9140625 15.575311660766602 0.03574347496032715 1
55420.98046875 15.607684135437012 0.12498494982719421 2
56694.20703125 15.566546440124512 0.03223877772688866 1
56694.20703125 15.503214836120605 0.12398266792297363 2
56884.4609375 15.636768341064453 0.039081741124391556 1
56884.4609375 15.823456764221191 0.17953148484230042 2
57055.2109375 15.699068069458008 0.04722590744495392 1
57055.27734375 15.488729476928711 0.1638343334197998 2
57247.76953125 15.524497032165527 0.03466592729091644 1
57247.76953125 15.589024543762207 0.1507234275341034 2
57415.48046875 15.550360679626465 0.056406229734420776 1
57415.48046875 15.322781562805176 0.1761251986026764 2
57611.98046875 15.547011375427246 0.037242475897073746 1
57778.25 15.523492813110352 0.036552853882312775 1
57778.25 15.488530158996582 0.14023740589618683 2
57977.73828125 15.560907363891602 0.03662972152233124 1
57977.73828125 15.802978515625 0.20096352696418762 2
58140.0078125 15.650381088256836 0.05333872511982918 1
58140.0078125 15.462250709533691 0.20688968896865845 2
58343.22265625 15.611166000366211 0.04070460796356201 1
58343.22265625 15.562298774719238 0.16494585573673248 2
58500.94140625 15.475168228149414 0.03737203776836395 1
58501.0078125 15.66894245147705 0.191426619887352 2
58707.31640625 15.531216621398926 0.03645787760615349 1
58707.31640625 15.607573509216309 0.18187302350997925 2
58866.62109375 15.58775520324707 0.0426049530506134 1
58866.62109375 15.799139976501465 0.22511523962020874 2
59073.05859375 15.621037483215332 0.028997544199228287 1
59073.05859375 15.395296096801758 0.10500174015760422 2
