mjdmean mag dmag band
55365.0078125 15.584806442260742 0.03964677080512047 1
55365.0078125 15.596993446350098 0.1409285068511963 2
55543.76171875 15.662423133850098 0.03562275692820549 1
55543.76171875 15.52157211303711 0.12857025861740112 2
56641.90625 15.640846252441406 0.04533665254712105 1
56641.90625 15.104840278625488 0.11539782583713531 2
56828.46484375 15.572875022888184 0.031099505722522736 1
56828.46484375 15.417329788208008 0.1232258751988411 2
57007.05859375 15.629179954528809 0.0407358817756176 1
57007.05859375 15.523163795471191 0.1417607069015503 2
57191.73046875 15.598211288452148 0.03826572000980377 1
57191.73046875 15.269914627075195 0.11261860281229019 2
57369.859375 15.563673973083496 0.03929373621940613 1
57369.859375 15.451606750488281 0.1382683962583542 2
57555.953125 15.514883041381836 0.04037504643201828 1
57555.953125 15.474711418151855 0.15930594503879547 2
57727.23828125 15.488913536071777 0.03562343493103981 1
57727.23828125 15.360617637634277 0.12730026245117188 2
57921.62109375 15.567830085754395 0.031613849103450775 1
57921.62109375 15.673534393310547 0.16184109449386597 2
58087.42578125 15.565020561218262 0.0402110330760479 1
58087.42578125 15.437007904052734 0.15464647114276886 2
58287.1953125 15.516366958618164 0.04101448506116867 1
58287.1953125 15.796025276184082 0.24153625965118408 2
58449.51953125 15.62928581237793 0.04035327583551407 1
58449.51953125 15.561283111572266 0.15812264382839203 2
58651.3125 15.562520980834961 0.04298756271600723 1
58817.60546875 15.58394718170166 0.04377637803554535 1
58817.60546875 15.752878189086914 0.2070649415254593 2
59016.6171875 15.552558898925781 0.043703287839889526 1
59016.6171875 15.294163703918457 0.1801714152097702 2
59179.35546875 15.526845932006836 0.04839072749018669 1
59179.35546875 15.4257173538208 0.1814197599887848 2
