mjdmean mag dmag band
55214.90234375 14.992066383361816 0.027060028165578842 1
55214.90234375 15.1157865524292 0.12064836919307709 2
55390.7734375 15.00651741027832 0.028843477368354797 1
55390.7734375 15.070825576782227 0.1063888892531395 2
55578.11328125 15.0374174118042 0.03225545957684517 1
55578.11328125 14.792865753173828 0.08967716991901398 2
56677.71484375 15.07287883758545 0.031064659357070923 1
56677.71484375 14.735565185546875 0.09144863486289978 2
56855.40625 15.076081275939941 0.029775189235806465 1
56855.40625 15.133308410644531 0.12464025616645813 2
57041.8515625 15.039921760559082 0.033253323286771774 1
57041.8515625 14.993157386779785 0.11727313697338104 2
57214.203125 14.988909721374512 0.027263211086392403 1
57214.203125 14.76681900024414 0.08834431320428848 2
57404.70703125 15.061134338378906 0.024378784000873566 1
57404.70703125 15.324175834655762 0.12785689532756805 2
57576.8203125 15.027514457702637 0.0237572081387043 1
57576.8203125 14.92138385772705 0.08862284570932388 2
57770.33203125 15.070798873901367 0.027054928243160248 1
57770.3984375 14.802251815795898 0.08612675964832306 2
57934.8125 15.104503631591797 0.027176421135663986 1
57934.8125 15.25445556640625 0.13204790651798248 2
58136.22265625 15.119258880615234 0.026014771312475204 1
58136.22265625 14.967041015625 0.09578371793031693 2
58296.9140625 15.046558380126953 0.026006575673818588 1
58296.9140625 15.058059692382812 0.11473938822746277 2
58500.19921875 14.991716384887695 0.02645876444876194 1
58500.19921875 15.051433563232422 0.11779630184173584 2
58661.09375 15.053906440734863 0.02804465964436531 1
58661.09375 14.878072738647461 0.10730479657649994 2
58865.8125 15.07351016998291 0.022589273750782013 1
58865.8125 14.771047592163086 0.08048342168331146 2
59026.94921875 15.07990550994873 0.029346996918320656 1
59026.94921875 14.946206092834473 0.13241899013519287 2
