mjdmean mag dmag band
55207.57421875 16.3466739654541 0.0735795795917511 1
55207.57421875 16.19325065612793 0.2320242077112198 2
55394.1328125 16.465726852416992 0.051682163029909134 1
55394.1328125 16.4781436920166 0.18094593286514282 2
55571.0546875 16.388710021972656 0.04573918879032135 1
55571.0546875 16.082225799560547 0.12205518037080765 2
56668.63671875 16.420793533325195 0.04429677873849869 1
56668.63671875 16.247135162353516 0.15308435261249542 2
56857.82421875 16.427644729614258 0.03857988119125366 1
56857.62890625 16.655017852783203 0.1912752240896225 2
57033.58984375 16.33501625061035 0.049618370831012726 1
57220.8125 16.365379333496094 0.04751994460821152 1
57220.8125 16.46448516845703 0.21043182909488678 2
57396.69140625 16.402069091796875 0.0474838986992836 1
57587.9765625 16.365238189697266 0.04652396962046623 1
57587.9765625 16.7329044342041 0.2848448157310486 2
57754.140625 16.475833892822266 0.04726146534085274 1
57754.140625 16.3081111907959 0.16743962466716766 2
57950.640625 16.35582733154297 0.035892415791749954 1
57950.640625 16.50352668762207 0.17384804785251617 2
58114.8359375 16.35747718811035 0.04189450666308403 1
58114.8359375 16.213863372802734 0.15294301509857178 2
58316.203125 16.28073501586914 0.04621070623397827 1
58476.69140625 16.52126693725586 0.07407781481742859 1
58682.46484375 16.45423126220703 0.05001682788133621 1
58682.46484375 16.176517486572266 0.18557274341583252 2
58844.765625 16.361928939819336 0.06193305924534798 1
59046.125 16.400367736816406 0.051471270620822906 1
