mjdmean mag dmag band
55230.87109375 15.861174583435059 0.05068535357713699 1
55230.87109375 15.536600112915039 0.1326356828212738 2
55420.9140625 15.813287734985352 0.048475731164216995 1
55420.98046875 15.568964958190918 0.12926754355430603 2
56694.20703125 15.785171508789062 0.03777655214071274 1
56694.20703125 15.539599418640137 0.12332960963249207 2
56884.4609375 15.79360294342041 0.04343188554048538 1
56884.4609375 15.464966773986816 0.13317561149597168 2
57055.2109375 15.67984390258789 0.04879262298345566 1
57055.27734375 15.78518009185791 0.21687151491641998 2
57247.76953125 15.7694730758667 0.042151015251874924 1
57247.76953125 15.904351234436035 0.1966957002878189 2
57415.48046875 15.807475090026855 0.06259123980998993 1
57415.48046875 15.348793983459473 0.16103531420230865 2
57611.98046875 15.745121955871582 0.04408392310142517 1
57778.25 15.657404899597168 0.04467858374118805 1
57778.25 15.394540786743164 0.14522989094257355 2
57977.73828125 15.793461799621582 0.046931665390729904 1
57977.73828125 15.664619445800781 0.17921321094036102 2
58140.0078125 15.85166072845459 0.058172114193439484 1
58140.0078125 15.606255531311035 0.19569939374923706 2
58343.22265625 15.728078842163086 0.04539912939071655 1
58343.22265625 15.640629768371582 0.1788177490234375 2
58500.94140625 15.619790077209473 0.04122027009725571 1
58707.31640625 15.69908332824707 0.04347885027527809 1
58707.31640625 15.471146583557129 0.15110966563224792 2
58866.62109375 15.726043701171875 0.047056689858436584 1
59073.05859375 15.678309440612793 0.03080957941710949 1
59073.05859375 15.447885513305664 0.11316518485546112 2
