mjdmean mag dmag band
55239.60546875 15.29856014251709 0.028397124260663986 1
55239.671875 15.000250816345215 0.07177432626485825 2
55430.04296875 15.348625183105469 0.03218638151884079 1
55430.04296875 15.010381698608398 0.07965916395187378 2
56704.21875 15.209352493286133 0.028703849762678146 1
56704.21875 14.932333946228027 0.08669046312570572 2
56894.984375 15.333285331726074 0.0321260429918766 1
56894.984375 15.066030502319336 0.10319215059280396 2
57063.421875 15.211731910705566 0.027148503810167313 1
57063.421875 15.087217330932617 0.0896710604429245 2
57256.82421875 15.086902618408203 0.02565048076212406 1
57256.82421875 14.968778610229492 0.09431686997413635 2
57422.7578125 15.255245208740234 0.028946273028850555 1
57422.7578125 15.183332443237305 0.11620783805847168 2
57622.4609375 15.296052932739258 0.028597073629498482 1
57622.4609375 14.956550598144531 0.08711961656808853 2
57788.203125 15.201542854309082 0.021204544231295586 1
57788.203125 14.95916748046875 0.07394199073314667 2
57988.01953125 15.314703941345215 0.029094314202666283 1
57988.01953125 15.00808334350586 0.09208653122186661 2
58145.41015625 15.300816535949707 0.025019340217113495 1
58145.41015625 14.864605903625488 0.07348804920911789 2
58352.25390625 15.076815605163574 0.026379281654953957 1
58352.25390625 15.071008682250977 0.11033328622579575 2
58510.8203125 15.192526817321777 0.028603816404938698 1
58510.8203125 14.7660551071167 0.08161929249763489 2
58717.9140625 15.349935531616211 0.030882108956575394 1
58717.9140625 14.923723220825195 0.08872082084417343 2
58878.1640625 15.233845710754395 0.026057032868266106 1
58878.1640625 14.855997085571289 0.08068934082984924 2
59083.5234375 15.248885154724121 0.029047174379229546 1
59083.5234375 15.117205619812012 0.10994642972946167 2
