mjdmean mag dmag band
55373.72265625 14.97839069366455 0.016485031694173813 1
55373.72265625 14.93924617767334 0.052464909851551056 2
55560.97265625 14.955448150634766 0.018888182938098907 1
55560.97265625 15.097723007202148 0.07210032641887665 2
56660.109375 14.953654289245605 0.01833844743669033 1
56660.109375 14.986963272094727 0.07667065411806107 2
56838.31640625 14.950226783752441 0.01677246391773224 1
56838.31640625 15.05538272857666 0.07212161272764206 2
57024.29296875 14.93688678741455 0.017617564648389816 1
57024.29296875 14.941841125488281 0.06869525462388992 2
57196.17578125 14.914734840393066 0.015296180732548237 1
57196.17578125 15.101741790771484 0.0675090104341507 2
57387.64453125 14.975102424621582 0.017028730362653732 1
57387.64453125 15.075799942016602 0.07629925012588501 2
57555.01953125 14.95383071899414 0.015978792682290077 1
57555.01953125 15.012506484985352 0.06875579804182053 2
57753.32421875 14.898636817932129 0.016792057082057 1
57753.32421875 15.101856231689453 0.0797366127371788 2
57917.01953125 14.961313247680664 0.01613958738744259 1
57916.953125 14.90218448638916 0.0632639080286026 2
58120.76171875 14.869203567504883 0.016318324953317642 1
58120.828125 14.897449493408203 0.06688902527093887 2
58277.36328125 14.927715301513672 0.015429443679749966 1
58277.4296875 15.048640251159668 0.07481090724468231 2
58483.0390625 14.921808242797852 0.014590200036764145 1
58483.0390625 15.003615379333496 0.06465007364749908 2
58643.0546875 14.944634437561035 0.01515002828091383 1
58643.0546875 15.036543846130371 0.07021550834178925 2
58848.79296875 14.941535949707031 0.017749067395925522 1
58848.79296875 15.122796058654785 0.0860581323504448 2
59008.62109375 14.926098823547363 0.014999928884208202 1
59008.5546875 15.093903541564941 0.07707808166742325 2
