mjdmean mag dmag band
55378.15234375 15.689990997314453 0.038151104003190994 1
55378.15234375 15.486639976501465 0.11141505092382431 2
55555.453125 15.642175674438477 0.036862023174762726 1
55555.453125 15.421465873718262 0.10760366916656494 2
56653.16015625 15.570538520812988 0.03757789731025696 1
56653.16015625 15.474228858947754 0.1431562453508377 2
56841.140625 15.629779815673828 0.052322257310152054 1
56841.140625 15.300312995910645 0.1581379920244217 2
57018.8125 15.642562866210938 0.03146326541900635 1
57018.8125 15.552988052368164 0.11223258078098297 2
57206.33984375 15.66096305847168 0.048206184059381485 1
57206.33984375 15.056396484375 0.11494224518537521 2
57377.9140625 15.645045280456543 0.0406191386282444 1
57377.9765625 15.405447006225586 0.13050715625286102 2
57568.4140625 15.7825345993042 0.05238094925880432 1
57568.4140625 15.716980934143066 0.2051735520362854 2
57738.4921875 15.590646743774414 0.037737805396318436 1
57738.4921875 15.632500648498535 0.16544277966022491 2
57934.0078125 15.66536808013916 0.045228634029626846 1
57934.0078125 15.606849670410156 0.18695463240146637 2
58099.1953125 15.669427871704102 0.03990096226334572 1
58099.1953125 15.595619201660156 0.15460385382175446 2
58298.203125 15.591745376586914 0.038717690855264664 1
58298.203125 15.406781196594238 0.14988037943840027 2
58463.64453125 15.696737289428711 0.03964199498295784 1
58463.64453125 15.736239433288574 0.17644158005714417 2
58663.29296875 15.670622825622559 0.05009753257036209 1
58663.29296875 15.317458152770996 0.16501547396183014 2
58825.54296875 15.714113235473633 0.04521557688713074 1
58825.54296875 15.401386260986328 0.14765159785747528 2
59029.640625 15.724761962890625 0.05394773185253143 1
59029.57421875 15.210867881774902 0.16068437695503235 2
59191.11328125 15.567052841186523 0.04547156020998955 1
59191.1796875 15.422330856323242 0.16897083818912506 2
