mjdmean mag dmag band
55204.3515625 15.477910041809082 0.0494847446680069 1
55204.3515625 15.027539253234863 0.1197519451379776 2
55389.61328125 15.481231689453125 0.030522409826517105 1
55389.61328125 15.392789840698242 0.09461343288421631 2
55568.890625 15.490073204040527 0.033177103847265244 1
55568.890625 15.345787048339844 0.0988054946064949 2
56664.57421875 15.50495719909668 0.029364148154854774 1
56853.53125 15.425168991088867 0.032682765275239944 1
56853.53125 15.289260864257812 0.11692696064710617 2
57030.125 15.515788078308105 0.0318010039627552 1
57030.125 15.313528060913086 0.10417331755161285 2
57214.890625 15.523874282836914 0.03700963780283928 1
57214.890625 15.454944610595703 0.1344224512577057 2
57389.46484375 15.51810359954834 0.03340643644332886 1
57389.46484375 15.415802955627441 0.12258280813694 2
57580.65234375 15.403643608093262 0.037924181669950485 1
57580.5859375 15.469606399536133 0.16127629578113556 2
57748.65625 15.396004676818848 0.030600154772400856 1
57748.65625 15.402660369873047 0.12991322576999664 2
57946.98828125 15.507473945617676 0.03718872740864754 1
57946.98828125 15.291397094726562 0.13029786944389343 2
58111.3203125 15.528313636779785 0.0342591218650341 1
58111.3203125 15.301295280456543 0.11858472228050232 2
58311.9296875 15.450087547302246 0.03889014571905136 1
58311.9296875 15.220778465270996 0.14609456062316895 2
58471.44140625 15.462837219238281 0.03404240310192108 1
58676.0390625 15.388596534729004 0.03453848883509636 1
58837.06640625 15.464147567749023 0.03201110288500786 1
58837.06640625 15.222990036010742 0.11149407178163528 2
59041.7890625 15.537980079650879 0.04143555834889412 1
59041.72265625 15.081570625305176 0.14006461203098297 2
