mjdmean mag dmag band
55252.94140625 15.015238761901855 0.021331576630473137 1
55253.0078125 14.609187126159668 0.052454873919487 2
55434.50390625 15.504853248596191 0.03473726660013199 1
55434.50390625 14.57461166381836 0.05264312028884888 2
56717.55859375 14.994989395141602 0.02370099164545536 1
56717.55859375 14.535487174987793 0.060283172875642776 2
56898.8984375 14.816224098205566 0.019858483225107193 1
56898.8984375 14.60774040222168 0.06128364056348801 2
57079.41796875 15.028538703918457 0.02489042840898037 1
57079.41796875 14.754920959472656 0.07836136966943741 2
57256.8515625 14.981757164001465 0.017749331891536713 1
57256.8515625 14.615715980529785 0.0538431815803051 2
57445.734375 15.092534065246582 0.0276457741856575 1
57445.734375 14.673385620117188 0.07411400973796844 2
57617.1875 15.400227546691895 0.0370122566819191 1
57617.1875 14.542572021484375 0.06632331013679504 2
57810.765625 15.105111122131348 0.025905193760991096 1
57810.765625 14.596162796020508 0.06355161219835281 2
57977.63671875 15.28186321258545 0.0321088545024395 1
57977.63671875 14.50978946685791 0.06454119831323624 2
58175.02734375 15.288607597351074 0.03235432133078575 1
58175.02734375 14.779300689697266 0.08807002753019333 2
58338.08203125 14.964337348937988 0.020916378125548363 1
58338.08203125 14.560935020446777 0.0625358447432518 2
58540.55859375 15.066325187683105 0.02076149731874466 1
58540.55859375 14.715353965759277 0.06931885331869125 2
58703.68359375 15.47978687286377 0.027640433982014656 1
58703.68359375 14.641119956970215 0.05943237245082855 2
58906.2265625 15.105378150939941 0.025794213637709618 1
58906.2265625 14.631634712219238 0.07089423388242722 2
59069.296875 15.100159645080566 0.025469008833169937 1
59069.296875 14.65053653717041 0.06803178042173386 2
