mjdmean mag dmag band
55247.25 16.541669845581055 0.0945703461766243 1
55427.23046875 16.49517822265625 0.09125463664531708 1
55427.23046875 15.871557235717773 0.17623938620090485 2
56710.64453125 16.47388458251953 0.07769906520843506 1
56890.609375 16.42539405822754 0.08665966242551804 1
57073.90234375 16.560867309570312 0.09837909042835236 1
57252.75390625 16.551986694335938 0.09211097657680511 1
57252.75390625 16.41473388671875 0.34999576210975647 2
57438.1328125 16.47553253173828 0.08814997225999832 1
57438.1328125 16.37019920349121 0.3315750062465668 2
57609.84765625 16.29282569885254 0.07634288817644119 1
57803.82421875 16.442615509033203 0.08036255836486816 1
57971.8125 16.324081420898438 0.07659319043159485 1
58169.46484375 16.511123657226562 0.10557688772678375 1
58332.32421875 16.370746612548828 0.07683490961790085 1
58536.37109375 16.328187942504883 0.07920368760824203 1
58536.37109375 15.826345443725586 0.21279317140579224 2
58699.66015625 16.39723014831543 0.08251634240150452 1
58900.6015625 16.309316635131836 0.07742366194725037 1
59063.41015625 16.50459098815918 0.09324261546134949 1
59063.41015625 15.78206729888916 0.22095556557178497 2
