mjdmean mag dmag band
55212.25 15.483447074890137 0.039396096020936966 1
55212.25 15.003372192382812 0.09334998577833176 2
55390.87890625 15.460046768188477 0.03523057699203491 1
55387.5390625 15.057385444641113 0.08440554141998291 2
55575.1328125 15.435629844665527 0.04057605564594269 1
55575.1328125 15.078194618225098 0.11010491847991943 2
56672.703125 15.420279502868652 0.040999721735715866 1
56672.76953125 14.975913047790527 0.11367285996675491 2
56852.3203125 15.536905288696289 0.04153416305780411 1
56852.3203125 15.107008934020996 0.1097320094704628 2
57039.15234375 15.38386058807373 0.03810882568359375 1
57039.15234375 14.904464721679688 0.0988871157169342 2
57211.05859375 15.47092056274414 0.03641881048679352 1
57211.05859375 15.03685474395752 0.09668266773223877 2
57401.81640625 15.454669952392578 0.03421023115515709 1
57401.81640625 15.118021011352539 0.09766636788845062 2
57569.9453125 15.417558670043945 0.03805505856871605 1
57569.9453125 15.063398361206055 0.11002025753259659 2
57768.7578125 15.369385719299316 0.04056449607014656 1
57765.91015625 14.889627456665039 0.10812988132238388 2
57930.30078125 15.466075897216797 0.039521168917417526 1
57930.30078125 14.824396133422852 0.08445928990840912 2
58133.140625 15.449446678161621 0.032715559005737305 1
58133.140625 15.00551700592041 0.09585221111774445 2
58292.2734375 15.423224449157715 0.03607179969549179 1
58292.2734375 14.886772155761719 0.12772126495838165 2
58497.25 15.473653793334961 0.037389181554317474 1
58497.25 14.949346542358398 0.1002800464630127 2
58657.890625 15.519420623779297 0.03695414587855339 1
58657.890625 15.08185863494873 0.10904044657945633 2
58862.9296875 15.457496643066406 0.05000194162130356 1
58861.42578125 15.042430877685547 0.14996476471424103 2
59022.08203125 15.57550048828125 0.04157457500696182 1
59022.08203125 15.091532707214355 0.13624204695224762 2
