mjdmean mag dmag band
55219.296875 15.55868911743164 0.03680163621902466 1
55219.296875 15.481476783752441 0.1370866298675537 2
55408.44140625 15.742524147033691 0.04692259430885315 1
55408.44140625 15.581671714782715 0.1524665206670761 2
55584.29296875 15.649106979370117 0.04453670606017113 1
55584.29296875 15.413002014160156 0.1276591420173645 2
56682.08984375 15.743302345275879 0.05582883208990097 1
56682.08984375 15.369744300842285 0.15177978575229645 2
56871.62890625 15.640395164489746 0.04406280815601349 1
56871.62890625 15.703010559082031 0.19056913256645203 2
57046.1171875 15.611639976501465 0.04459691420197487 1
57043.71875 15.594734191894531 0.17843864858150482 2
57236.515625 15.65739631652832 0.04852193593978882 1
57233.46484375 15.411456108093262 0.15598690509796143 2
57405.71484375 15.724925994873047 0.049218762665987015 1
57405.65234375 15.520012855529785 0.23748064041137695 2
57600.57421875 15.667844772338867 0.049607209861278534 1
57600.57421875 15.522294998168945 0.18849976360797882 2
57767.37890625 15.808547973632812 0.054480958729982376 1
57964.640625 15.62289810180664 0.05076690763235092 1
57964.640625 15.64726448059082 0.21837164461612701 2
58128.06640625 15.673734664916992 0.04716574400663376 1
58128.06640625 15.989048957824707 0.2781147360801697 2
58328.88671875 15.753332138061523 0.054168686270713806 1
58328.88671875 15.62669849395752 0.2107193022966385 2
58488.7734375 15.58096981048584 0.041555020958185196 1
58488.7734375 15.416481971740723 0.15613800287246704 2
58695.99609375 15.758868217468262 0.05503489077091217 1
58696.0625 15.57852554321289 0.21336744725704193 2
58854.45703125 15.644354820251465 0.05112374573945999 1
59060.109375 15.63940143585205 0.059074677526950836 1
59060.109375 15.20285415649414 0.17730988562107086 2
