mjdmean mag dmag band
55370.765625 15.482593536376953 0.03621353954076767 1
55370.765625 15.1185941696167 0.0922723114490509 2
55550.4375 15.5993070602417 0.04302347078919411 1
55550.4375 15.399863243103027 0.13044609129428864 2
56647.99609375 15.564209938049316 0.04186347872018814 1
56647.99609375 15.367467880249023 0.14401564002037048 2
56835.640625 15.58221435546875 0.041252944618463516 1
56835.640625 15.390819549560547 0.13354583084583282 2
57012.37890625 15.600666046142578 0.042771801352500916 1
57012.37890625 15.36584758758545 0.13676950335502625 2
57197.44140625 15.608772277832031 0.04135604575276375 1
57197.44140625 15.122328758239746 0.10690885037183762 2
57371.55859375 15.488289833068848 0.03715747967362404 1
57371.55859375 15.21875286102295 0.11487635970115662 2
57561.65625 15.500772476196289 0.0349576361477375 1
57561.65625 15.247550964355469 0.11157882213592529 2
57732.14453125 15.622259140014648 0.04411061853170395 1
57732.14453125 15.164305686950684 0.13226744532585144 2
57928.6953125 15.459933280944824 0.04170782491564751 1
57928.6953125 15.26521110534668 0.14850366115570068 2
58094.1640625 15.450918197631836 0.037610769271850586 1
58094.1640625 15.698424339294434 0.19540955126285553 2
58292.828125 15.827435493469238 0.05756593868136406 1
58292.828125 14.97933578491211 0.1155993789434433 2
58454.75390625 15.6537504196167 0.04581475257873535 1
58454.75390625 15.19572639465332 0.12907810509204865 2
58658.578125 15.526450157165527 0.037466324865818024 1
58658.51171875 15.159398078918457 0.16543886065483093 2
58820.578125 15.53003978729248 0.038847021758556366 1
58819.0078125 15.272724151611328 0.1373843550682068 2
59024.203125 15.528868675231934 0.04355769604444504 1
59024.203125 15.307825088500977 0.1644674688577652 2
59186.15234375 15.590468406677246 0.04140492528676987 1
59186.15234375 15.327510833740234 0.13579340279102325 2
