mjdmean mag dmag band
55228.81640625 15.288370132446289 0.0222933329641819 1
55228.81640625 15.352951049804688 0.08321584761142731 2
55407.32421875 15.315889358520508 0.021305659785866737 1
55407.32421875 15.322606086730957 0.07116956263780594 2
55592.1875 15.339569091796875 0.0625891461968422 1
55592.1875 15.096869468688965 0.16958364844322205 2
56691.73046875 15.225686073303223 0.022150399163365364 1
56691.73046875 15.518516540527344 0.11655085533857346 2
56870.87890625 15.301336288452148 0.020797306671738625 1
56870.87890625 15.395885467529297 0.08782277256250381 2
57053.92578125 15.352265357971191 0.026210883632302284 1
57053.92578125 15.490816116333008 0.1161523386836052 2
57229.69921875 15.27454948425293 0.021018361672759056 1
57229.69921875 15.529748916625977 0.10724183171987534 2
57419.11328125 15.292488098144531 0.01757865399122238 1
57419.11328125 15.350869178771973 0.0689888596534729 2
57590.00390625 15.298911094665527 0.021356435492634773 1
57590.00390625 15.285531997680664 0.08243301510810852 2
57784.95703125 15.318329811096191 0.02309706062078476 1
57784.95703125 15.404879570007324 0.10254474729299545 2
57950.4765625 15.345267295837402 0.021532824262976646 1
57950.4765625 15.341463088989258 0.08900786936283112 2
58151.55859375 15.268439292907715 0.0219432283192873 1
58151.55859375 15.443819999694824 0.10503491014242172 2
58314.3359375 15.28383731842041 0.020230179652571678 1
58314.3359375 15.281023025512695 0.08764366060495377 2
58514.7109375 15.282114028930664 0.02139556035399437 1
58514.7734375 15.204825401306152 0.08297755569219589 2
58676.54296875 15.305983543395996 0.018901893869042397 1
58676.54296875 15.56515121459961 0.10734476894140244 2
58880.3203125 15.327295303344727 0.02333853952586651 1
58880.3203125 15.288786888122559 0.09006001800298691 2
59042.1015625 15.303348541259766 0.023192226886749268 1
59042.16796875 15.235881805419922 0.09956640750169754 2
