mjdmean mag dmag band
55354.19921875 15.09294319152832 0.028826918452978134 1
55354.19921875 15.02388858795166 0.09319718182086945 2
55543.65625 15.08584976196289 0.02898230589926243 1
55543.65625 15.204388618469238 0.1127208024263382 2
56641.93359375 15.173162460327148 0.032811135053634644 1
56641.93359375 15.125442504882812 0.1391928344964981 2
56819.09375 15.146211624145508 0.03177652135491371 1
56819.09375 15.221163749694824 0.1388847678899765 2
57007.0234375 15.16065788269043 0.0294794961810112 1
57007.0234375 15.2586030960083 0.1351732313632965 2
57177.859375 15.15644359588623 0.028944512829184532 1
57177.859375 15.293112754821777 0.1307584047317505 2
57370.41015625 15.10440731048584 0.029146205633878708 1
57370.41015625 15.004175186157227 0.10232862085103989 2
57536.796875 15.102684020996094 0.030024180188775063 1
57536.796875 15.123224258422852 0.118442602455616 2
57738.0703125 15.181928634643555 0.030497848987579346 1
57734.6015625 15.300779342651367 0.13826382160186768 2
57897.23828125 15.101557731628418 0.029324758797883987 1
57897.23828125 14.974361419677734 0.09908236563205719 2
58101.58984375 15.093266487121582 0.028647826984524727 1
58101.58984375 15.020021438598633 0.1104542464017868 2
58257.58984375 15.159611701965332 0.02724541909992695 1
58257.58984375 15.349847793579102 0.1340683251619339 2
58465.84375 15.039567947387695 0.02785291150212288 1
58465.84375 15.149336814880371 0.12943299114704132 2
58624.7265625 15.152067184448242 0.02950047142803669 1
58624.66015625 15.193090438842773 0.13177688419818878 2
58832.48046875 15.147736549377441 0.031398236751556396 1
58830.09375 15.397066116333008 0.16809476912021637 2
58988.92578125 15.088407516479492 0.026841944083571434 1
58988.92578125 15.120248794555664 0.12139850109815598 2
59196.08984375 15.193729400634766 0.04849031940102577 1
59196.08984375 15.12795352935791 0.19463928043842316 2
