mjdmean mag dmag band
55229.3125 15.003273010253906 0.016110209748148918 1
55229.3125 15.087203979492188 0.05847803130745888 2
55408.44921875 15.017402648925781 0.01563277095556259 1
55408.44921875 14.991185188293457 0.047485701739788055 2
56692.71875 14.981145858764648 0.016674499958753586 1
56692.71875 15.001153945922852 0.06627507507801056 2
56871.8671875 15.006389617919922 0.013805202208459377 1
56871.8671875 14.920609474182129 0.050269026309251785 2
57058.42578125 15.091232299804688 0.018815811723470688 1
57058.42578125 15.039493560791016 0.06932824850082397 2
57230.75 15.00361442565918 0.016088131815195084 1
57230.75 14.999399185180664 0.06271176785230637 2
57420.16015625 15.025954246520996 0.012741449289023876 1
57420.16015625 15.007838249206543 0.045848894864320755 2
57591.12109375 14.970779418945312 0.01485601905733347 1
57591.12109375 14.99521255493164 0.05982331559062004 2
57785.9375 15.030669212341309 0.016615014523267746 1
57785.9375 14.897468566894531 0.05990275368094444 2
57951.5234375 15.021718978881836 0.015066788531839848 1
57951.5234375 14.83581829071045 0.05147673189640045 2
58151.8828125 15.017902374267578 0.015427583828568459 1
58151.8828125 14.907196044921875 0.05519668757915497 2
58314.59765625 15.041956901550293 0.01568085514008999 1
58314.59765625 14.918445587158203 0.05928628146648407 2
58517.1953125 14.992548942565918 0.01578417234122753 1
58517.1953125 14.925939559936523 0.059128109365701675 2
58677.52734375 14.995163917541504 0.015572941862046719 1
58677.52734375 15.123817443847656 0.07727459073066711 2
58881.4296875 14.989189147949219 0.015574153512716293 1
58881.4296875 14.863311767578125 0.05517273396253586 2
59043.21484375 15.013493537902832 0.016024215146899223 1
59043.21484375 15.008187294006348 0.07113311439752579 2
