mjdmean mag dmag band
55220.03125 14.730463981628418 0.017599791288375854 1
55220.03125 14.701507568359375 0.08032579720020294 2
55408.93359375 14.709839820861816 0.018210625275969505 1
55408.93359375 14.64529800415039 0.06324425339698792 2
55585.0234375 14.72552490234375 0.02079625613987446 1
55585.0234375 15.029719352722168 0.09548363834619522 2
56682.8203125 14.656362533569336 0.018660958856344223 1
56682.8203125 14.804632186889648 0.080657958984375 2
56872.4140625 14.678838729858398 0.018020708113908768 1
56872.4140625 14.772345542907715 0.07731370627880096 2
57046.41796875 14.614001274108887 0.017689304426312447 1
57046.41796875 14.764237403869629 0.08206813782453537 2
57236.87109375 14.716814041137695 0.02009439840912819 1
57236.87109375 14.921778678894043 0.09492801874876022 2
57406.24609375 14.714471817016602 0.023844091221690178 1
57406.24609375 14.734540939331055 0.10611099004745483 2
57601.2265625 14.7061128616333 0.018457675352692604 1
57601.2265625 14.717575073242188 0.0704287514090538 2
57768.10546875 14.713703155517578 0.019486503675580025 1
57768.10546875 14.747638702392578 0.08170003443956375 2
57965.421875 14.673293113708496 0.018750663846731186 1
57965.421875 14.717780113220215 0.07881325483322144 2
58128.53125 14.675594329833984 0.01804756000638008 1
58128.53125 14.66518783569336 0.06998791545629501 2
58331.5 14.774209976196289 0.02200247347354889 1
58331.5 14.673249244689941 0.08525032550096512 2
58493.45703125 14.703841209411621 0.01753147505223751 1
58493.45703125 14.867376327514648 0.08247030526399612 2
58696.7109375 14.705093383789062 0.020991729572415352 1
58696.7109375 14.618778228759766 0.0835137665271759 2
58855.1171875 14.709939956665039 0.021596428006887436 1
58855.1171875 15.024049758911133 0.12053380906581879 2
59060.8203125 14.726898193359375 0.021545730531215668 1
59060.8203125 14.857929229736328 0.11091572791337967 2
