mjdmean mag dmag band
55214.90234375 14.790492057800293 0.02084595337510109 1
55214.90234375 14.911940574645996 0.08437468856573105 2
55390.7734375 14.76109504699707 0.02188984863460064 1
55390.7734375 14.9491548538208 0.0891665518283844 2
55578.11328125 14.711830139160156 0.021570216864347458 1
55578.11328125 14.960885047912598 0.0932755246758461 2
56677.71484375 14.799485206604004 0.02444007806479931 1
56677.71484375 14.691069602966309 0.09413567930459976 2
56855.40625 14.708390235900879 0.018545903265476227 1
56855.40625 14.993236541748047 0.09911046922206879 2
57041.8515625 14.728475570678711 0.021186474710702896 1
57041.8515625 14.78565788269043 0.0890926867723465 2
57214.203125 14.750750541687012 0.022815218195319176 1
57214.203125 14.891458511352539 0.10224255919456482 2
57404.70703125 14.770578384399414 0.021088354289531708 1
57404.70703125 15.059049606323242 0.10846458375453949 2
57576.8203125 14.744962692260742 0.01949291117489338 1
57576.8203125 15.065811157226562 0.10937578976154327 2
57770.33203125 14.779086112976074 0.023002371191978455 1
57770.3984375 14.942370414733887 0.11423715204000473 2
57934.8125 14.749613761901855 0.018360190093517303 1
57934.8125 14.839723587036133 0.0862840861082077 2
58136.22265625 14.750344276428223 0.016668714582920074 1
58136.22265625 14.74534797668457 0.06858646124601364 2
58296.9140625 14.794807434082031 0.021163983270525932 1
58296.9140625 14.81541633605957 0.09260236471891403 2
58500.19921875 14.737678527832031 0.02118547447025776 1
58500.19921875 14.801179885864258 0.09464217722415924 2
58661.09375 14.79434585571289 0.0212332084774971 1
58661.09375 15.1546049118042 0.14166003465652466 2
58865.8125 14.800374031066895 0.01869640313088894 1
58865.8125 14.835683822631836 0.08687394857406616 2
59026.94921875 14.725188255310059 0.02214849926531315 1
59026.94921875 15.050148963928223 0.1422763168811798 2
