mjdmean mag dmag band
55208.38671875 13.740565299987793 0.01021894533187151 1
55208.38671875 13.857956886291504 0.039099182933568954 2
55394.7109375 13.726634979248047 0.007592471782118082 1
55394.7109375 13.75676155090332 0.025407306849956512 2
55571.734375 13.768735885620117 0.008316717110574245 1
55571.734375 13.810428619384766 0.028855880722403526 2
56668.75390625 13.729424476623535 0.00796684343367815 1
56668.75390625 13.773422241210938 0.03467531129717827 2
56858.26953125 13.738961219787598 0.00727181788533926 1
56858.26953125 13.797901153564453 0.03218477591872215 2
57034.328125 13.760464668273926 0.009454227052628994 1
57034.328125 13.799991607666016 0.03788018971681595 2
57221.51953125 13.764381408691406 0.008489594794809818 1
57221.51953125 13.80521011352539 0.03380925953388214 2
57394.18359375 13.72763729095459 0.008358181454241276 1
57394.25 13.806147575378418 0.03183402121067047 2
57585.69921875 13.732039451599121 0.008680809289216995 1
57585.69921875 13.802661895751953 0.03370264545083046 2
57755.92578125 13.735272407531738 0.007698352914303541 1
57755.92578125 13.758403778076172 0.031257037073373795 2
57951.27734375 13.735129356384277 0.006699228193610907 1
57951.34375 13.834309577941895 0.02975928597152233 2
58115.5078125 13.761260032653809 0.006988197565078735 1
58115.5078125 13.816474914550781 0.030748331919312477 2
58316.90625 13.760588645935059 0.007947095669806004 1
58316.90625 13.860420227050781 0.036597829312086105 2
58477.58984375 13.75197696685791 0.008044124580919743 1
58477.58984375 13.775835990905762 0.032304055988788605 2
58681.07421875 13.742039680480957 0.008352791890501976 1
58681.07421875 13.798501968383789 0.039995674043893814 2
58841.7734375 13.713622093200684 0.007663896773010492 1
58841.7734375 13.806635856628418 0.03376762941479683 2
59048.265625 13.766515731811523 0.009455662220716476 1
59048.265625 13.829032897949219 0.04795438051223755 2
