mjdmean mag dmag band
55204.3515625 15.448246002197266 0.048135142773389816 1
55204.3515625 15.443390846252441 0.17291633784770966 2
55389.61328125 15.374942779541016 0.030232030898332596 1
55389.61328125 15.291781425476074 0.09394339472055435 2
55568.890625 15.491426467895508 0.03532382845878601 1
55568.890625 15.23906135559082 0.0992984026670456 2
56664.57421875 15.41020679473877 0.029970571398735046 1
56664.57421875 15.156579971313477 0.09563510119915009 2
56853.53125 15.485986709594727 0.03753811493515968 1
56853.53125 15.178167343139648 0.11078710108995438 2
57030.125 15.370344161987305 0.033133793622255325 1
57030.125 15.419963836669922 0.13467387855052948 2
57214.890625 15.375381469726562 0.03073866479098797 1
57214.890625 15.354697227478027 0.11460766941308975 2
57389.46484375 15.453927993774414 0.03485270217061043 1
57389.46484375 15.180804252624512 0.10463915020227432 2
57580.65234375 15.404458999633789 0.03527987375855446 1
57580.5859375 15.518718719482422 0.1712053120136261 2
57748.65625 15.45601749420166 0.03531778231263161 1
57748.65625 15.653778076171875 0.16631007194519043 2
57946.98828125 15.408676147460938 0.03351474553346634 1
57946.98828125 15.036822319030762 0.10012349486351013 2
58111.3203125 15.416281700134277 0.0315840020775795 1
58111.3203125 15.329445838928223 0.12279802560806274 2
58311.9296875 15.403910636901855 0.033207666128873825 1
58311.9296875 15.171576499938965 0.12724091112613678 2
58471.44140625 15.398120880126953 0.032795123755931854 1
58471.44140625 14.956354141235352 0.09733504056930542 2
58676.0390625 15.47497272491455 0.03733732923865318 1
58676.0390625 15.259025573730469 0.1479913890361786 2
58837.06640625 15.417840957641602 0.03186694160103798 1
58837.06640625 15.230452537536621 0.11400630325078964 2
59041.7890625 15.488194465637207 0.03637758269906044 1
59041.72265625 15.185874938964844 0.14033867418766022 2
