mjdmean mag dmag band
55236.1328125 16.390884399414062 0.06742265075445175 1
55236.1328125 16.390432357788086 0.24130293726921082 2
55416.12109375 16.487648010253906 0.0805620402097702 1
55416.12109375 16.097543716430664 0.19236378371715546 2
56699.8359375 16.45040512084961 0.07252932339906693 1
56878.015625 16.48613739013672 0.08190720528364182 1
57063.390625 16.558631896972656 0.08625442534685135 1
57063.390625 16.8135986328125 0.4797035753726959 2
57239.734375 16.59748649597168 0.08695502579212189 1
57428.88671875 16.442798614501953 0.07623440772294998 1
57428.88671875 15.801107406616211 0.17247933149337769 2
57598.58203125 16.42798614501953 0.07530836015939713 1
57796.9453125 16.490711212158203 0.0797157734632492 1
57796.9453125 16.0767879486084 0.23153574764728546 2
57961.69921875 16.393802642822266 0.06779926270246506 1
58158.7265625 16.60564422607422 0.09321065992116928 1
58320.875 16.586355209350586 0.06744759529829025 1
58524.39453125 16.689495086669922 0.0986061692237854 1
58686.6796875 16.400686264038086 0.07596322149038315 1
58686.6796875 16.15040397644043 0.27841266989707947 2
58890.88671875 16.635774612426758 0.09332430362701416 1
59054.03125 16.585023880004883 0.08602814376354218 1
