mjdmean mag dmag band
55214.90234375 15.098087310791016 0.02892547845840454 1
55214.90234375 14.957098007202148 0.09966590255498886 2
55390.7734375 15.06857967376709 0.027695832774043083 1
55390.7734375 14.843832969665527 0.07825390249490738 2
55578.11328125 15.126797676086426 0.030298715457320213 1
55578.11328125 15.04656982421875 0.09762080758810043 2
56677.71484375 15.141738891601562 0.033112216740846634 1
56677.71484375 14.81994342803955 0.09263607859611511 2
56855.40625 15.03426742553711 0.026639070361852646 1
56855.40625 14.913376808166504 0.09281259030103683 2
57041.8515625 15.169642448425293 0.03200114145874977 1
57041.8515625 15.115789413452148 0.11842552572488785 2
57214.203125 15.122466087341309 0.02975679561495781 1
57214.203125 15.040360450744629 0.1053699254989624 2
57404.70703125 15.097880363464355 0.023734567686915398 1
57404.70703125 15.108661651611328 0.10199732333421707 2
57576.8203125 15.1177339553833 0.02829485572874546 1
57576.8203125 14.972742080688477 0.10473894327878952 2
57770.33203125 15.11172103881836 0.02925235591828823 1
57770.3984375 15.07582950592041 0.13692131638526917 2
57934.8125 15.112072944641113 0.027096498757600784 1
57934.8125 14.931401252746582 0.09647168964147568 2
58136.22265625 15.11611557006836 0.023260898888111115 1
58136.22265625 15.021197319030762 0.09115642309188843 2
58296.9140625 15.17020034790039 0.028095990419387817 1
58296.9140625 15.08186149597168 0.11393323540687561 2
58500.19921875 15.060998916625977 0.028056053444743156 1
58500.19921875 14.937397003173828 0.10425718128681183 2
58661.09375 15.101381301879883 0.028793327510356903 1
58661.09375 14.990530014038086 0.12465707212686539 2
58865.8125 15.084898948669434 0.020228998735547066 1
58865.8125 15.097704887390137 0.09771158546209335 2
59026.94921875 15.111300468444824 0.027171719819307327 1
59026.94921875 15.040247917175293 0.12520335614681244 2
