mjdmean mag dmag band
55383.70703125 17.65731430053711 0.20703232288360596 1
55571.421875 17.456884384155273 0.1898023933172226 1
57034.546875 17.56136703491211 0.208027645945549 1
57207.328125 16.811864852905273 0.4151451587677002 2
58128.02734375 17.582069396972656 0.15091346204280853 1
58128.02734375 16.847179412841797 0.3378697633743286 2
58860.69921875 17.719783782958984 0.25287070870399475 1
58860.69921875 16.768972396850586 0.47191131114959717 2
59018.359375 17.471479415893555 0.1760750412940979 1
