mjdmean mag dmag band
55544.96875 17.453609466552734 0.2058606594800949 1
56818.28125 16.003067016601562 0.19189779460430145 2
57371.71484375 16.832075119018555 0.11424101144075394 1
57538.1796875 17.289793014526367 0.16356399655342102 1
57538.1796875 16.40529441833496 0.316654771566391 2
57738.42578125 16.847414016723633 0.10741622000932693 1
57901.69921875 17.107133865356445 0.12188734114170074 1
58626.171875 17.22228240966797 0.1462778002023697 1
58832.8984375 16.88706398010254 0.10682374984025955 1
