mjdmean mag dmag band
55230.0859375 14.353293418884277 0.01368179451674223 1
55230.0859375 13.490568161010742 0.022128237411379814 2
55420.11328125 14.277556419372559 0.013869617134332657 1
55420.11328125 13.459522247314453 0.02228863351047039 2
56693.421875 14.2644681930542 0.01287879515439272 1
56691.97265625 13.427268981933594 0.024338936433196068 2
56883.59765625 14.274869918823242 0.014785856008529663 1
56882.0859375 13.40035343170166 0.0259622223675251 2
57054.5625 14.233953475952148 0.016989897936582565 1
57054.5625 13.4254732131958 0.029278134927153587 2
57246.91015625 14.26911735534668 0.013745851814746857 1
57246.91015625 13.494707107543945 0.02613559365272522 2
57414.83203125 14.274068832397461 0.022132840007543564 1
57414.83203125 13.501469612121582 0.04117913916707039 2
57611.12109375 14.258182525634766 0.014244288206100464 1
57611.12109375 13.469202041625977 0.02715550921857357 2
57777.46875 14.222625732421875 0.012425290420651436 1
57777.46875 13.436884880065918 0.023726483806967735 2
57975.24609375 14.316235542297363 0.01531548798084259 1
57975.24609375 13.480679512023926 0.029330920428037643 2
58136.0546875 14.22287654876709 0.018076933920383453 1
58136.0546875 13.428986549377441 0.03402615711092949 2
58342.36328125 14.304399490356445 0.015865683555603027 1
58342.36328125 13.532167434692383 0.032425276935100555 2
58500.29296875 14.236881256103516 0.013362596742808819 1
58500.29296875 13.466950416564941 0.028179092332720757 2
58706.4609375 14.22486686706543 0.016584111377596855 1
58706.4609375 13.403020858764648 0.034653108566999435 2
58865.83984375 14.200675010681152 0.013413889333605766 1
58865.83984375 13.389387130737305 0.023377766832709312 2
59072.203125 14.206629753112793 0.011720267124474049 1
59072.203125 13.369904518127441 0.02643856778740883 2
